84
110514985229516409497560433
4459114772691467400289088978
2280088595215689675730324550
524217223678768672509801232
110
115
3958971299169393715291218803
4459114772691467400289088978
114
115
2280088595215689675730324550
2182177033305645877334097865
4563328046261247504235982537
2280088595215689675730324550
2182177033305645877334097865
110514985229516409497560433
4459114772691467400289088978
2280088595215689675730324550
102
105
110
524217223678768672509801232
4045412534242215137276848179
2280088595215689675730324550
4459114772691467400289088978
120
524217223678768672509801232
2595879271754898140346338664
2280088595215689675730324550
2491665998185118036399445105
524217223678768672509801232
110
2280088595215689675730324550
2401532487642856584754416149
4459114772691467400289088978
2280088595215689675730324550
102
4563328046261247504235982537
334561436537592542561049810
110
100
2280088595215689675730324550
110514985229516409497560433
4459114772691467400289088978
114
4459114772691467400289088978
2911064727221583496410979834
2280088595215689675730324550
110514985229516409497560433
2182177033305645877334097865
2182177033305645877334097865
3439825028660548005112284585
115
2911064727221583496410979834
3150855829868152775333437
3150855829868152775333437
1560048247716833406428069948
4563328046261247504235982537
4563328046261247504235982537
1452684118317185149705842952
1560048247716833406428069948
4045412534242215137276848179
3150855829868152775333437
1984292665049756256906794668
115
3430210997730429206589914052
110514985229516409497560433
4149625807811995241223741738
