11451006301270818021868235812881184095420524779377
13830590222392065195143375157390115179346111882611
13830590222392065195143375157390115179346111882611
17191255999251842158926161736521238500257082287538
10583893180354751893617384390175517029912668421763
19354122143454030737753964884494324187288523393973
14512641568559104065737172878499497657559031295442
14512641568559104065737172878499497657559031295442
17373838534898553548638957860158160790833753773872
17820587225297335243395130684784956881262150162385
17820587225297335243395130684784956881262150162385
397356252270310539357886770905956556788514186702
17373838534898553548638957860158160790833753773872
15462297602511295418661805405685481142812090652885
14512641568559104065737172878499497657559031295442
17373838534898553548638957860158160790833753773872
14764982901236386559187737655775769472495390511430
13806604474831742156079227710421989973413136956620
17161909500877266091209142398524887981485890860094
9309111591828543325152997746753555099328007966301
