807150941008538
1059207419646772
885992070236152
71294119388822
1510040664980342
164583516772264
1510040664980342
71294119388822
1754141271609738
1465027608256618
1465027608256618
71294119388822
1510040664980342
1180211634006461
58495002025909
164583516772264
1510040664980342
1180211634006461
71294119388822
957062675948471
1942689851076874
2204547585180666
71294119388822
2204547585180666
1942689851076874
71294119388822
1318697624629136
1942689851076874
71294119388822
1942689851076874
2126003888270381
2204547585180666
71294119388822
1569248253162873
164583516772264
2204547585180666
1059207419646772
71294119388822
1754141271609738
990416680565034
71294119388822
48358927275079
1180211634006461
58495002025909
1983421624288819
2126003888270381
1782784999034029
1180211634006461
71294119388822
440638779016616
2223414263260554
1983421624288819
957062675948471
2181492859125554
1736033522652626
885992070236152
1216596237276185
71294119388822
1754141271609738
71294119388822
2355589140202857
2126003888270381
1782784999034029
2204547585180666
71294119388822
1059207419646772
1983421624288819
1782784999034029
71294119388822
957062675948471
1942689851076874
71294119388822
58495002025909
1736033522652626
1983421624288819
1782784999034029
1782784999034029
110256378223456
